-0.535704553127289	48.229850769043
-0.535079598426819	48.0811920166016
-0.534454643726349	47.9387245178223
-0.533829689025879	47.7959251403809
-0.533204793930054	47.6521720886231
-0.532579839229584	47.5058517456055
-0.531954884529114	47.3559112548828
-0.531329989433289	47.2030792236328
-0.530705034732819	47.0489654541016
-0.530080080032349	46.8940887451172
-0.529455125331879	46.7383270263672
-0.528830230236053	46.5808982849121
-0.528205275535584	46.4209136962891
-0.527580380439758	46.2588348388672
-0.526955425739288	46.0951156616211
-0.526330530643463	45.9300231933594
-0.525705575942993	45.7637367248535
-0.525080621242523	45.5960159301758
-0.524455726146698	45.4267578125
-0.523830771446228	45.2558784484863
-0.523205876350403	45.0833549499512
-0.522580921649933	44.9092140197754
-0.521956086158752	44.7334480285645
-0.521331131458283	44.5560417175293
-0.520706236362457	44.3766937255859
-0.520081281661987	44.1953582763672
-0.519456386566162	44.0121917724609
-0.518831491470337	43.8272399902344
-0.518206596374512	43.6405181884766
-0.517581701278687	43.4520111083984
-0.516956746578217	43.2616653442383
-0.516331851482391	43.0694274902344
-0.515706956386566	42.8753967285156
-0.515082061290741	42.6793518066406
-0.514457106590271	42.4809951782227
-0.513832271099091	42.280403137207
-0.513207316398621	42.0777130126953
-0.51258248090744	41.872932434082
-0.51195752620697	41.6660614013672
-0.51133269071579	41.45703125
-0.510707795619965	41.2456283569336
-0.510082900524139	41.0318794250488
-0.509458005428314	40.815731048584
-0.508833110332489	40.5970039367676
-0.508208274841309	40.375732421875
-0.507583320140839	40.1519165039062
-0.506958484649658	39.9255294799805
-0.506333589553833	39.6963844299316
-0.505708754062653	39.4645500183105
-0.505083799362183	39.2301750183105
-0.504458963871002	38.992790222168
-0.503834128379822	38.7520980834961
-0.503209233283997	38.5082473754883
-0.502584397792816	38.2612838745117
-0.501959502696991	38.0111503601074
-0.50133466720581	37.7578544616699
-0.500709772109985	37.5013198852539
-0.500084936618805	37.2411117553711
-0.49946004152298	36.9771118164063
-0.498835206031799	36.7093315124512
-0.498210370540619	36.4376106262207
-0.497585505247116	36.1618423461914
-0.496960669755936	35.8819274902344
-0.496335804462433	35.5977325439453
-0.495710968971252	35.3091163635254
-0.49508610367775	35.0161056518555
-0.494461268186569	34.7182846069336
-0.493836432695389	34.4151268005371
-0.493211627006531	34.106559753418
-0.49258679151535	33.7925872802734
-0.49196195602417	33.4730682373047
-0.49133712053299	33.1479148864746
-0.490712314844132	32.8168411254883
-0.490087479352951	32.4792327880859
-0.489462643861771	32.1349945068359
-0.488837838172913	31.7839088439941
-0.488213032484055	31.4254493713379
-0.487588196992874	31.0594367980957
-0.486963391304016	30.6855602264404
-0.486338615417481	30.3033103942871
-0.485713809728622	29.9123039245605
-0.485089004039764	29.512149810791
-0.484464198350906	29.1024665832519
-0.483839422464371	28.6823272705078
-0.483214616775513	28.2508716583252
-0.482589840888977	27.8075370788574
-0.481965035200119	27.3516845703125
-0.481340259313583	26.8825778961182
-0.480715483427048	26.3996810913086
-0.480090707540512	25.9017868041992
-0.479465931653976	25.3869171142578
-0.478841215372086	24.8537254333496
-0.47821643948555	24.3009510040283
-0.477591693401337	23.7265853881836
-0.476966917514801	23.1286373138428
-0.476342171430588	22.5044822692871
-0.475717425346375	21.8513374328613
-0.475092709064484	21.1653785705566
-0.47446796298027	20.4430122375488
-0.47384324669838	19.6779403686523
-0.473218500614166	18.8627738952637
-0.472593784332275	17.9879055023193
-0.471969127655029	17.0433959960938
-0.471344411373138	16.0114135742187
-0.47071972489357	14.8707990646362
-0.470095038414002	13.5799140930176
-0.469470351934433	12.0839176177979
-0.468845695257187	10.2507276535034
-0.468221038579941	7.80999755859375
-0.467596411705017	3.79261112213135
-0.466971814632416	-1.58746206760407
-0.466347277164459	-6.29256820678711
-0.465722739696503	-9.71361923217773
-0.465098202228546	-12.4444074630737
-0.464473724365234	-14.7713193893433
-0.463849246501923	-16.8204574584961
-0.463224738836288	-18.6642951965332
-0.462600260972977	-20.3543739318848
-0.461975783109665	-21.9235801696777
-0.461351305246353	-23.3918037414551
-0.460726827383041	-24.7693138122559
-0.460102379322052	-26.0691833496094
-0.459477931261063	-27.2996940612793
-0.458853453397751	-28.4714889526367
-0.458229005336762	-29.5931930541992
-0.457604587078095	-30.669361114502
-0.456980168819428	-31.7027397155762
-0.456355720758438	-32.7001876831055
-0.455731302499771	-33.6659889221191
-0.455106884241104	-34.5973739624023
-0.454482436180115	-35.4961929321289
-0.453858017921448	-36.3681678771973
-0.453233599662781	-37.2158088684082
-0.452609181404114	-38.0395202636719
-0.451984792947769	-38.839958190918
-0.451360374689102	-39.6203842163086
-0.450735956430435	-40.3825187683106
-0.450111597776413	-41.1277389526367
-0.449487179517746	-41.8549957275391
-0.448862791061401	-42.5644836425781
-0.448238402605057	-43.2566757202148
-0.447614014148712	-43.933479309082
-0.446989625692368	-44.5963439941406
-0.446365237236023	-45.2454071044922
-0.445740848779678	-45.8811340332031
-0.445116460323334	-46.504566192627
-0.444492071866989	-47.1173095703125
-0.443867683410645	-47.71826171875
-0.443243324756622	-48.3064575195313
-0.4426189661026	-48.88330078125
-0.441994607448578	-49.4500198364258
-0.441370218992233	-50.007194519043
-0.440745860338211	-50.5552291870117
-0.440121501684189	-51.0943908691406
-0.439497143030167	-51.6249580383301
-0.438872754573822	-52.147216796875
-0.4382483959198	-52.6615371704102
-0.437624037265778	-53.1673202514648
-0.436999678611755	-53.6649360656738
-0.436375319957733	-54.155143737793
-0.435750991106033	-54.6378326416016
-0.435126632452011	-55.1134643554687
-0.434502303600311	-55.5822372436523
-0.433877944946289	-56.0444145202637
-0.433253586292267	-56.5003356933594
-0.432629257440567	-56.9507713317871
-0.432004898786545	-57.3959732055664
-0.431380540132523	-57.8353805541992
-0.430756211280823	-58.2653121948242
-0.430131852626801	-58.6844635009766
-0.429507523775101	-59.0985984802246
-0.428883194923401	-59.507942199707
-0.428258866071701	-59.9109039306641
-0.427634537220001	-60.3090972900391
-0.427010208368301	-60.7022323608399
-0.426385849714279	-61.0896606445313
-0.425761520862579	-61.472095489502
-0.42513719201088	-61.8502159118652
-0.42451286315918	-62.2237854003906
-0.42388853430748	-62.5914535522461
-0.42326420545578	-62.9533767700195
-0.42263987660408	-63.312629699707
-0.42201554775238	-63.6684265136719
-0.421391248703003	-64.0194625854492
-0.420766919851303	-64.364501953125
-0.420142590999603	-64.7049102783203
-0.419518262147903	-65.0417709350586
-0.418893933296204	-65.3740386962891
-0.418269634246826	-65.7042236328125
-0.417645305395126	-66.0311965942383
-0.417020976543427	-66.354248046875
-0.416396647691727	-66.672966003418
-0.415772348642349	-66.9874725341797
-0.415148019790649	-67.2973861694336
-0.41452369093895	-67.6021270751953
-0.413899421691895	-67.9051132202148
-0.413275092840195	-68.2055892944336
-0.412650793790817	-68.5032196044922
-0.412026464939117	-68.7969436645508
-0.41140216588974	-69.0855484008789
-0.41077783703804	-69.3721923828125
-0.410153537988663	-69.6552886962891
-0.409529209136963	-69.9353179931641
-0.408904910087586	-70.2129821777344
-0.408280581235886	-70.4862213134766
-0.407656282186508	-70.7573699951172
-0.407031983137131	-71.0248413085938
-0.406407684087753	-71.2876739501953
-0.405783385038376	-71.5500640869141
-0.405159085988998	-71.8101501464844
-0.404534786939621	-72.0658874511719
-0.403910458087921	-72.3186492919922
-0.403286159038544	-72.5682373046875
-0.402661859989166	-72.8156661987305
-0.402037560939789	-73.0602722167969
-0.401413232088089	-73.3008422851563
-0.400788933038712	-73.5391845703125
-0.400164633989334	-73.7748565673828
-0.399540364742279	-74.0069732666016
-0.398916065692902	-74.2382965087891
-0.398291766643524	-74.4683685302734
-0.397667467594147	-74.6950225830078
-0.397043138742447	-74.9183197021484
-0.39641883969307	-75.1380920410156
-0.395794540643692	-75.3566131591797
-0.395170241594315	-75.5728759765625
-0.394545942544937	-75.7852249145508
-0.39392164349556	-75.9963226318359
-0.393297344446182	-76.2046966552734
-0.392673045396805	-76.4097671508789
-0.39204877614975	-76.6143493652344
-0.391424477100372	-76.8167495727539
-0.390800178050995	-77.0147399902344
-0.390175879001617	-77.2108459472656
-0.38955157995224	-77.405647277832
-0.388927280902863	-77.5971832275391
-0.388302981853485	-77.7869567871094
-0.387678682804108	-77.9749526977539
-0.38705438375473	-78.1598358154297
-0.386430084705353	-78.3423004150391
-0.385805785655975	-78.5234603881836
-0.385181546211243	-78.7022552490234
-0.384557247161865	-78.8782348632813
-0.383932948112488	-79.05322265625
-0.38330864906311	-79.2255477905273
-0.382684350013733	-79.3944854736328
-0.382060050964355	-79.5628662109375
-0.381435751914978	-79.7298278808594
-0.380811452865601	-79.8934783935547
-0.380187153816223	-80.0549011230469
-0.379562854766846	-80.2153549194336
-0.378938555717468	-80.3736267089844
-0.378314286470413	-80.5286560058594
-0.377690017223358	-80.6829528808594
-0.377065718173981	-80.83544921875
-0.376441419124603	-80.9839172363281
-0.375817120075226	-81.1303100585937
-0.375192821025848	-81.2764129638672
-0.374568521976471	-81.4202880859375
-0.373944222927093	-81.5607299804688
-0.373319953680038	-81.7001190185547
-0.372695654630661	-81.8373870849609
-0.372071355581284	-81.9711456298828
-0.371447056531906	-82.1041793823242
-0.370822787284851	-82.2373580932617
-0.370198488235474	-82.3682632446289
-0.369574189186096	-82.4951171875
-0.368949890136719	-82.6191864013672
-0.368325591087341	-82.7432098388672
-0.367701292037964	-82.8665313720703
-0.367077022790909	-82.986328125
-0.366452723741531	-83.1031188964844
-0.365828424692154	-83.2195892333984
-0.365204125642776	-83.3349151611328
-0.364579826593399	-83.4465484619141
-0.363955527544022	-83.5552520751953
-0.363331258296967	-83.6638107299805
-0.362706959247589	-83.7713394165039
-0.362082660198212	-83.8747100830078
-0.361458361148834	-83.9757690429687
-0.360834062099457	-84.0771026611328
-0.360209763050079	-84.1764068603516
-0.359585464000702	-84.2719421386719
-0.358961164951324	-84.3652877807617
-0.358336865901947	-84.4579544067383
-0.35771256685257	-84.5497055053711
-0.357088267803192	-84.6393432617188
-0.356463968753815	-84.7253952026367
-0.35583969950676	-84.8087463378906
-0.355215400457382	-84.8922958374024
-0.354591101408005	-84.9744644165039
-0.353966802358627	-85.0533294677734
-0.353342473506927	-85.1300582885742
-0.35271817445755	-85.205696105957
-0.352093875408173	-85.2811737060547
-0.351469576358795	-85.3535232543945
-0.350845277309418	-85.4203033447266
-0.35022097826004	-85.4831085205078
-0.349596679210663	-85.5430450439453
-0.348972380161285	-85.6018524169922
-0.348348081111908	-85.6592712402344
-0.347723782062531	-85.7131423950195
-0.347099483013153	-85.7635498046875
-0.346475154161453	-85.8121871948242
-0.345850855112076	-85.8607559204102
-0.345226556062698	-85.9068908691406
-0.344602227210999	-85.9482192993164
-0.343977928161621	-85.9865188598633
-0.343353629112244	-86.0231170654297
-0.342729300260544	-86.0583877563477
-0.342105001211166	-86.09130859375
-0.341480702161789	-86.1208343505859
-0.340856403112411	-86.1474227905273
-0.340232074260712	-86.1708297729492
-0.339607775211334	-86.1913528442383
-0.338983446359634	-86.2101593017578
-0.338359147310257	-86.2260437011719
-0.337734818458557	-86.2376098632813
-0.33711051940918	-86.2458877563477
-0.33648619055748	-86.2515106201172
-0.33586186170578	-86.2540130615234
-0.33523753285408	-86.2535934448242
-0.334613263607025	-86.2496948242188
-0.333988934755325	-86.2416229248047
-0.333364605903625	-86.2299194335938
-0.332740277051926	-86.2146148681641
-0.332115948200226	-86.1951904296875
-0.331491649150848	-86.1716156005859
-0.330867320299149	-86.1443786621094
-0.330242991447449	-86.1127700805664
-0.329618662595749	-86.0762176513672
-0.328994333744049	-86.0345458984375
-0.328369975090027	-85.9873428344727
-0.327745646238327	-85.9352493286133
-0.32712134718895	-85.8790435791016
-0.32649701833725	-85.8183670043945
-0.32587268948555	-85.750862121582
-0.325248330831528	-85.6753234863281
-0.324624001979828	-85.5925674438477
-0.323999673128128	-85.5029907226563
-0.323375314474106	-85.4061889648438
-0.322750985622406	-85.3002624511719
-0.322126626968384	-85.1851196289062
-0.321502268314362	-85.0613861083984
-0.320877939462662	-84.9274215698242
-0.320253610610962	-84.7802276611328
-0.31962925195694	-84.6194458007813
-0.319004893302917	-84.4451141357422
-0.318380534648895	-84.2547302246094
-0.317756175994873	-84.0459518432617
-0.317131817340851	-83.8162002563477
-0.316507458686829	-83.5621643066406
-0.315883070230484	-83.2804260253906
-0.315258711576462	-82.9632568359375
-0.314634323120117	-82.5994644165039
-0.314009964466095	-82.1780242919922
-0.31338557600975	-81.6767578125
-0.312761217355728	-81.0501251220703
-0.312136828899384	-80.216796875
-0.311512410640717	-79.2156829833984
-0.31088799238205	-78.6113128662109
-0.310263574123383	-78.6001434326172
-0.309639155864716	-78.7223052978516
-0.309014737606049	-78.8566284179688
-0.308390319347382	-79.0213317871094
-0.307765901088715	-79.1902160644531
-0.307141482830048	-79.3672790527344
-0.306517094373703	-79.5466079711914
-0.305892676115036	-79.728759765625
-0.305268287658691	-79.9121398925781
-0.304643869400024	-80.0960693359375
-0.30401948094368	-80.27978515625
-0.303395062685013	-80.4629058837891
-0.302770644426346	-80.6455535888672
-0.302146255970001	-80.8275833129883
-0.301521837711334	-81.0076446533203
-0.300897419452667	-81.1869201660156
-0.300273030996323	-81.3648834228516
-0.299648612737656	-81.5406494140625
-0.299024224281311	-81.7142333984375
-0.298399835824966	-81.8854827880859
-0.297775447368622	-82.0533447265625
-0.297151029109955	-82.2184448242188
-0.29652664065361	-82.3812789916992
-0.295902252197266	-82.54052734375
-0.295277833938599	-82.6954498291016
-0.294653445482254	-82.8450317382812
-0.294029057025909	-82.9887237548828
-0.293404638767242	-83.1252593994141
-0.292780250310898	-83.2531433105469
-0.292155861854553	-83.3716125488281
-0.291531443595886	-83.4782333374023
-0.290907084941864	-83.5690460205078
-0.290282696485519	-83.6395034790039
-0.289658278226852	-83.6835632324219
-0.289033889770508	-83.6904602050781
-0.288409501314163	-83.6422882080078
-0.287785083055496	-83.4998626708984
-0.287160694599152	-83.1737976074219
-0.286536276340485	-82.5339508056641
-0.285911858081818	-82.3282318115234
-0.285287439823151	-83.4318466186523
-0.284663021564484	-85.4588623046875
-0.284038692712784	-86.9892578125
-0.283414334058762	-87.4807891845703
-0.282789945602417	-87.7421264648438
-0.282165586948395	-88.0058135986328
-0.28154119849205	-88.2208404541016
-0.280916839838028	-88.4344787597656
-0.280292481184006	-88.6336975097656
-0.279668122529984	-88.8314666748047
-0.279043734073639	-89.0230865478516
-0.278419375419617	-89.213623046875
-0.277795016765594	-89.4003753662109
-0.277170658111572	-89.5857925415039
-0.276546329259872	-89.7691802978516
-0.275921940803528	-89.9518356323242
-0.275297582149506	-90.1327667236328
-0.274673223495483	-90.3132019042969
-0.274048864841461	-90.4923095703125
-0.273424506187439	-90.670166015625
-0.272800147533417	-90.8470077514648
-0.272175788879395	-91.0230712890625
-0.271551430225372	-91.1984481811524
-0.27092707157135	-91.3730773925781
-0.27030274271965	-91.5467681884766
-0.26967841386795	-91.719856262207
-0.269054055213928	-91.8920135498047
-0.268429696559906	-92.0636291503906
-0.267805337905884	-92.2350769042969
-0.267181009054184	-92.4054107666016
-0.266556650400162	-92.5741577148438
-0.265932291746139	-92.7420959472656
-0.265307933092117	-92.909912109375
-0.264683604240417	-93.0771331787109
-0.264059245586395	-93.2438583374023
-0.263434886932373	-93.4096450805664
-0.262810558080673	-93.5746688842773
-0.262186229228973	-93.7384643554688
-0.261561900377274	-93.9012603759766
-0.260937541723251	-94.0635604858398
-0.260313212871552	-94.2249603271484
-0.259688854217529	-94.385498046875
-0.25906452536583	-94.5451354980469
-0.25844019651413	-94.7040481567383
-0.257815837860107	-94.8621215820313
-0.257191509008408	-95.0201034545898
-0.256567150354385	-95.1773986816406
-0.255942821502686	-95.3332366943359
-0.255318492650986	-95.4878845214844
-0.254694163799286	-95.6420974731445
-0.254069834947586	-95.7953948974609
-0.253445506095886	-95.9478912353516
-0.252821177244186	-96.0993499755859
-0.252196848392487	-96.2495346069336
-0.251572489738464	-96.3985137939453
-0.250948160886764	-96.5463256835938
-0.250323832035065	-96.6936950683594
-0.249699503183365	-96.8396148681641
-0.249075174331665	-96.9838943481445
-0.248450860381126	-97.1269073486328
-0.247826531529427	-97.2685699462891
-0.247202202677727	-97.4094543457031
-0.246577873826027	-97.5489654541016
-0.245953559875488	-97.6858139038086
-0.245329231023788	-97.8207855224609
-0.244704902172089	-97.9542694091797
-0.244080573320389	-98.0862503051758
-0.243456244468689	-98.2160491943359
-0.242831915616989	-98.3429870605469
-0.242207616567612	-98.4670104980469
-0.241583287715912	-98.5881042480469
-0.240958958864212	-98.7060546875
-0.240334630012512	-98.820068359375
-0.239710316061974	-98.9290466308594
-0.239085987210274	-99.0324172973633
-0.238461673259735	-99.1286926269531
-0.237837359309196	-99.2156677246094
-0.237213030457497	-99.2921981811523
-0.236588716506958	-99.3543853759766
-0.235964387655258	-99.3964080810547
-0.235340088605881	-99.4081497192383
-0.234715759754181	-99.3727111816406
-0.234091430902481	-99.2553176879883
-0.233467102050781	-98.9739303588867
-0.232842773199081	-98.5307922363281
-0.23221842944622	-98.9167175292969
-0.231594115495682	-100.428665161133
-0.230969816446304	-101.536811828613
-0.230345502495766	-101.860748291016
-0.229721203446388	-102.060836791992
-0.22909688949585	-102.24609375
-0.228472590446472	-102.406288146973
-0.227848306298256	-102.560523986816
-0.227223992347717	-102.70783996582
-0.22659969329834	-102.852935791016
-0.225975394248962	-102.995422363281
-0.225351095199585	-103.135475158691
-0.224726796150208	-103.273445129395
-0.22410249710083	-103.410423278809
-0.223478198051453	-103.546508789063
-0.222853899002075	-103.681831359863
-0.222229599952698	-103.81632232666
-0.221605315804481	-103.949813842773
-0.220981016755104	-104.081962585449
-0.220356732606888	-104.213241577148
-0.21973243355751	-104.344596862793
-0.219108134508133	-104.475204467773
-0.218483835458755	-104.604522705078
-0.217859551310539	-104.733276367188
-0.217235267162323	-104.861877441406
-0.216610968112946	-104.989486694336
-0.215986683964729	-105.116165161133
-0.215362384915352	-105.242568969727
-0.214738100767136	-105.367813110352
-0.214113801717758	-105.49259185791
-0.213489532470703	-105.617088317871
-0.212865248322487	-105.74112701416
-0.212240949273109	-105.864898681641
-0.211616665124893	-105.988090515137
-0.210992380976677	-106.110023498535
-0.210368081927299	-106.23014831543
-0.209743812680244	-106.349609375
-0.209119528532028	-106.468460083008
-0.208495244383812	-106.586273193359
-0.207870960235596	-106.703720092773
-0.207246676087379	-106.820938110352
-0.206622391939163	-106.937774658203
-0.205998107790947	-107.053726196289
-0.205373838543892	-107.169021606445
-0.204749554395676	-107.282768249512
-0.204125270247459	-107.394714355469
-0.203500986099243	-107.50602722168
-0.202876701951027	-107.616500854492
-0.202252432703972	-107.726135253906
-0.201628148555756	-107.834335327148
-0.201003879308701	-107.941314697266
-0.200379595160484	-108.047302246094
-0.199755311012268	-108.151382446289
-0.199131041765213	-108.253974914551
-0.198506772518158	-108.355194091797
-0.197882488369942	-108.454177856445
-0.197258219122887	-108.55029296875
-0.19663393497467	-108.644241333008
-0.196009650826454	-108.735229492188
-0.19538539648056	-108.82283782959
-0.194761112332344	-108.906295776367
-0.194136843085289	-108.983520507813
-0.193512558937073	-109.053085327148
-0.192888289690018	-109.114105224609
-0.192264005541801	-109.163284301758
-0.191639751195908	-109.194671630859
-0.191015467047691	-109.198249816895
-0.190391197800636	-109.152862548828
-0.18976691365242	-109.00560760498
-0.189142644405365	-108.701904296875
-0.188518345355988	-109.007888793945
-0.187894091010094	-110.030883789063
-0.187269821763039	-110.66242980957
-0.186645552515984	-110.856796264648
-0.18602129817009	-111.006736755371
-0.185397028923035	-111.136535644531
-0.184772774577141	-111.257736206055
-0.184148520231247	-111.371658325195
-0.183524250984192	-111.482772827148
-0.182899981737137	-111.591491699219
-0.182275727391243	-111.699478149414
-0.181651458144188	-111.805725097656
-0.181027218699455	-111.911018371582
-0.180402964353561	-112.015037536621
-0.179778695106506	-112.118263244629
-0.179154440760613	-112.22038269043
-0.178530186414719	-112.322036743164
-0.177905917167664	-112.423324584961
-0.177281677722931	-112.523544311523
-0.176657423377037	-112.62272644043
-0.176033154129982	-112.721878051758
-0.175408899784088	-112.820617675781
-0.174784645438194	-112.918731689453
-0.1741603910923	-113.01619720459
-0.173536151647568	-113.112380981445
-0.172911897301674	-113.207847595215
-0.17228764295578	-113.303283691406
-0.171663388609886	-113.398094177246
-0.171039134263992	-113.49250793457
-0.170414879918098	-113.586166381836
-0.169790640473366	-113.679016113281
-0.169166386127472	-113.771003723145
-0.168542131781578	-113.861839294434
-0.167917877435684	-113.952514648438
-0.16729362308979	-114.042556762695
-0.166669398546219	-114.131408691406
-0.166045144200325	-114.219284057617
-0.165420889854431	-114.306594848633
-0.164796635508537	-114.393455505371
-0.164172396063805	-114.479385375977
-0.163548141717911	-114.563255310059
-0.162923902273178	-114.645545959473
-0.162299662828445	-114.727066040039
-0.161675408482552	-114.807601928711
-0.161051154136658	-114.886596679688
-0.160426914691925	-114.963607788086
-0.159802660346031	-115.038223266602
-0.15917843580246	-115.110275268555
-0.158554181456566	-115.178916931152
-0.157929942011833	-115.244247436523
-0.157305687665939	-115.305435180664
-0.156681448221207	-115.36026763916
-0.156057193875313	-115.405853271484
-0.155432969331741	-115.438339233398
-0.154808714985848	-115.451019287109
-0.154184475541115	-115.425025939941
-0.153560221195221	-115.32341003418
-0.152935981750488	-115.18968963623
-0.152311712503433	-115.609252929688
-0.151687502861023	-116.30078125
-0.15106326341629	-116.524475097656
-0.150439023971558	-116.615524291992
-0.149814784526825	-116.729782104492
-0.149190545082092	-116.816474914551
-0.148566320538521	-116.908004760742
-0.147942081093788	-116.991806030273
-0.147317841649055	-117.076812744141
-0.146693602204323	-117.158508300781
-0.146069377660751	-117.24040222168
-0.145445138216019	-117.320419311523
-0.144820913672447	-117.400131225586
-0.144196674227715	-117.478744506836
-0.143572449684143	-117.557159423828
-0.14294821023941	-117.633689880371
-0.142323970794678	-117.709625244141
-0.141699746251106	-117.785446166992
-0.141075521707535	-117.861022949219
-0.140451282262802	-117.936332702637
-0.139827057719231	-118.01091003418
-0.139202818274498	-118.084465026855
-0.138578593730926	-118.157180786133
-0.137954354286194	-118.229042053223
-0.137330144643784	-118.300552368164
-0.136705905199051	-118.371490478516
-0.136081680655479	-118.441307067871
-0.135457456111908	-118.509956359863
-0.134833216667175	-118.578125
-0.134209007024765	-118.645584106445
-0.133584767580032	-118.71231842041
-0.132960543036461	-118.77806854248
-0.132336318492889	-118.841972351074
-0.131712079048157	-118.904312133789
-0.131087854504585	-118.965950012207
-0.130463644862175	-119.026519775391
-0.129839420318604	-119.085861206055
-0.129215180873871	-119.143119812012
-0.128590956330299	-119.197845458984
-0.127966731786728	-119.249069213867
-0.127342507243156	-119.295951843262
-0.126718297600746	-119.337936401367
-0.126094073057175	-119.371795654297
-0.125469833612442	-119.394096374512
-0.124845616519451	-119.395904541016
-0.124221384525299	-119.355377197266
-0.123597167432308	-119.256271362305
-0.122972927987576	-119.460891723633
-0.122348718345165	-119.893821716309
-0.121724493801594	-120.073867797852
-0.121100269258022	-120.140663146973
-0.120476059615612	-120.213714599609
-0.119851835072041	-120.270240783691
-0.119227610528469	-120.326141357422
-0.118603400886059	-120.375267028809
-0.117979183793068	-120.419883728027
-0.117354959249496	-120.458999633789
-0.116730749607086	-120.487785339355
-0.116106525063515	-120.510528564453
-0.115482307970524	-120.503219604492
-0.114858098328114	-120.483520507813
-0.114233873784542	-120.348754882813
-0.113609664142132	-119.624145507813
-0.11298543214798	-118.45085144043
-0.112361192703247	-117.412254333496
-0.111736938357353	-116.590805053711
-0.11111269146204	-115.90161895752
-0.110488422214985	-115.297004699707
-0.10986415296793	-114.75325012207
-0.109239891171455	-114.255592346191
-0.10861561447382	-113.794151306152
-0.107991337776184	-113.362167358398
-0.107367053627968	-112.95475769043
-0.106742769479752	-112.568206787109
-0.106118485331535	-112.199478149414
-0.105494193732739	-111.846221923828
-0.104869894683361	-111.506713867188
-0.104245603084564	-111.179382324219
-0.103621304035187	-110.862838745117
-0.102996997535229	-110.556358337402
-0.102372698485851	-110.259002685547
-0.101748391985893	-109.969635009766
-0.101124078035355	-109.687606811523
-0.100499771535397	-109.412307739258
-0.099875457584858	-109.143142700195
-0.099251136183739	-108.879913330078
-0.0986268222332	-108.622146606445
-0.098002500832081	-108.369033813477
-0.097378171980381	-108.120040893555
-0.096753850579262	-107.875389099121
-0.096129521727562	-107.635055541992
-0.095505192875862	-107.398559570313
-0.094880864024162	-107.16561126709
-0.094256527721882	-106.936004638672
-0.093632191419602	-106.709548950195
-0.093007862567902	-106.486068725586
-0.092383518815041	-106.265563964844
-0.09175918251276	-106.047515869141
-0.091134838759899	-105.831787109375
-0.090510487556458	-105.618446350098
-0.089886151254177	-105.407485961914
-0.089261800050736	-105.19873046875
-0.088637441396713	-104.992126464844
-0.088013097643852	-104.787582397461
-0.08738873898983	-104.584838867188
-0.086764380335808	-104.3837890625
-0.086140029132366	-104.184371948242
-0.085515670478344	-103.986740112305
-0.084891304373741	-103.790771484375
-0.0842669531703	-103.596115112305
-0.083642579615116	-103.402770996094
-0.083018213510513	-103.210899353027
-0.082393854856491	-103.020370483398
-0.081769481301308	-102.831184387207
-0.081145107746124	-102.643249511719
-0.080520741641522	-102.456314086914
-0.079896368086338	-102.270370483398
-0.079271987080574	-102.08553314209
-0.078647613525391	-101.901863098145
-0.078023232519627	-101.719284057617
-0.077398851513863	-101.537605285645
-0.076774477958679	-101.356666564941
-0.076150089502335	-101.176422119141
-0.07552570104599	-100.996917724609
-0.074901320040226	-100.818130493164
-0.074276931583881	-100.640045166016
-0.073652543127537	-100.462684631348
-0.073028154671192	-100.285957336426
-0.072403758764267	-100.109870910645
-0.071779370307922	-99.9345703125
-0.071154966950417	-99.7598266601563
-0.070530571043491	-99.5854721069336
-0.069906175136566	-99.4116516113281
-0.06928177177906	-99.2384643554687
-0.068657368421555	-99.0658721923828
-0.068032972514629	-98.8937911987305
-0.067408569157124	-98.7221755981445
-0.066784158349037	-98.5511016845703
-0.066159754991531	-98.3804321289063
-0.065535344183445	-98.2100372314453
-0.064910933375359	-98.0400772094727
-0.064286522567272	-97.8705444335938
-0.063662111759186	-97.7012939453125
-0.063037693500519	-97.5324020385742
-0.062413282692432	-97.3640441894531
-0.061788860708475	-97.1961669921875
-0.061164442449808	-97.0288009643555
-0.060540024191141	-96.8617248535156
-0.059915598481894	-96.6946411132813
-0.059291180223227	-96.5275115966797
-0.058666754513979	-96.3605804443359
-0.058042325079441	-96.1938705444336
-0.057417899370194	-96.0274276733398
-0.056793473660946	-95.8612976074219
-0.056169040501118	-95.6954040527344
-0.05554461106658	-95.52978515625
-0.054920177906752	-95.3643951416016
-0.054295741021633	-95.1992340087891
-0.053671307861805	-95.0342864990234
-0.053046870976687	-94.8694305419922
-0.052422434091568	-94.7046127319336
-0.051797989755869	-94.5399475097656
-0.051173552870751	-94.3755798339844
-0.050549108535051	-94.2113494873047
-0.049924664199352	-94.0470428466797
-0.049300219863653	-93.8827514648438
-0.048675771802664	-93.7186737060547
-0.048051323741675	-93.5547943115234
-0.047426875680685	-93.3910369873047
-0.046802423894405	-93.2274017333984
-0.046177968382835	-93.0638732910156
-0.045553516596556	-92.9003753662109
-0.044929064810276	-92.7367935180664
-0.044304609298706	-92.5732803344727
-0.043680146336556	-92.4098510742187
-0.043055690824986	-92.2462768554687
-0.042431231588125	-92.0826721191406
-0.041806764900684	-91.9191513061523
-0.041182305663824	-91.7556762695313
-0.040557842701674	-91.5922622680664
-0.039933372288942	-91.4287948608398
-0.039308905601502	-91.2652359008789
-0.038684438914061	-91.1016616821289
-0.03805996850133	-90.9381790161133
-0.037435498088598	-90.7748565673828
-0.036811023950577	-90.611701965332
-0.036186553537846	-90.4486312866211
-0.035562075674534	-90.2854995727539
-0.034937597811222	-90.1221923828125
-0.034313123673201	-89.9587860107422
-0.033688642084599	-89.7952423095703
-0.033064160495997	-89.6315155029297
-0.032439678907395	-89.4676513671875
-0.031815193593502	-89.3036575317383
-0.031190710142255	-89.1395568847656
-0.030566226691008	-88.9755783081055
-0.029941737651825	-88.8116149902344
-0.029317248612642	-88.6474456787109
-0.02869275957346	-88.4830627441406
-0.028068266808987	-88.3186340332031
-0.027443774044514	-88.1542205810547
-0.026819281280041	-87.9897766113281
-0.026194784790278	-87.8253326416016
-0.025570288300514	-87.6607513427734
-0.024945789948106	-87.4960479736328
-0.024321289733052	-87.3312454223633
-0.023696791380644	-87.16650390625
-0.0230722874403	-87.0017395019531
-0.022447783499956	-86.836784362793
-0.021823279559612	-86.6716384887695
-0.021198773756623	-86.5065002441406
-0.020574266090989	-86.3413009643555
-0.01994975656271	-86.1760101318359
-0.019325247034431	-86.0105667114258
-0.018700735643506	-85.844856262207
-0.018076222389937	-85.6789398193359
-0.017451709136367	-85.5128402709961
-0.016827194020152	-85.3467254638672
-0.016202677041292	-85.1805725097656
-0.01557815913111	-85.0143737792969
-0.014953639358282	-84.847900390625
-0.014329118654132	-84.6811828613281
-0.013704597018659	-84.5142822265625
-0.013080072589219	-84.3471984863281
-0.012455548159778	-84.1800155639649
-0.011831021867693	-84.012825012207
-0.011206494644284	-83.8458557128906
-0.010581965558231	-83.6792678833008
-0.009957435540855	-83.5111846923828
-0.009332904592156	-83.3420562744141
-0.008708371780813	-83.1737289428711
-0.008083838038147	-83.0053634643555
-0.007459301967174	-82.8368682861328
-0.00683476543054	-82.6683044433594
-0.006210227496922	-82.4996490478516
-0.005585687700659	-82.3309173583984
-0.004961147438735	-82.1619720458984
-0.004336604848504	-81.9928283691406
-0.003712061792612	-81.823486328125
-0.003087516874075	-81.6540985107422
-0.002462971024215	-81.4846878051758
-0.001838423544541	-81.3154907226562
-0.001213874784298	-81.1460342407227
-0.000589324627072	-80.9747619628906
3.52268107235432E-05	-80.8030242919922
0.000659779587295	-80.6322402954102
0.00128433376085	-80.4614486694336
0.001908889156766	-80.290283203125
0.002533446066082	-80.1188049316406
0.003158004023135	-79.947135925293
0.003782563610002	-79.7753524780273
0.004407124593854	-79.6034545898438
0.005031686741859	-79.4314575195313
0.005656249821186	-79.2592239379883
0.006280814763159	-79.0867462158203
0.006905380636454	-78.9140014648438
0.007529948838055	-78.7410278320313
0.008154517039657	-78.5678558349609
0.008779088035226	-78.3945007324219
0.009403659030795	-78.220947265625
0.01002823188901	-78.0470581054688
0.010652806609869	-77.8729934692383
0.011277382262051	-77.6989212036133
0.011901958845556	-77.5246810913086
0.012526536360383	-77.3500823974609
0.013151115737856	-77.1751556396484
0.013775697909296	-77.0000839233398
0.014400280080736	-76.8249359130859
0.015024863183498	-76.6496734619141
0.015649447217584	-76.4741516113281
0.016274034976959	-76.2983016967773
0.016898622736335	-76.1221237182617
0.017523212358356	-75.9456939697266
0.018147801980376	-75.7690582275391
0.018772393465042	-75.5921325683594
0.019396986812353	-75.4149780273437
0.020021582022309	-75.2377471923828
0.020646177232266	-75.0604553222656
0.021270774304867	-74.8830032348633
0.021895371377468	-74.7053070068359
0.02251997217536	-74.527214050293
0.023144574835897	-74.3487014770508
0.023769175633788	-74.1698760986328
0.02439378015697	-73.9908218383789
0.025018384680152	-73.8116455078125
0.025642992928624	-73.6323699951172
0.026267601177096	-73.4528961181641
0.026892209425569	-73.2732086181641
0.027516821399331	-73.0933685302734
0.028141433373094	-72.9132690429688
0.028766045346856	-72.73291015625
0.029390661045909	-72.55224609375
0.030015276744962	-72.3712921142578
0.03063989430666	-72.1898498535156
0.031264513731003	-72.0080642700195
0.031889133155346	-71.8261566162109
0.032513756304979	-71.6440124511719
0.033138379454613	-71.4615173339844
0.033763002604246	-71.2786102294922
0.03438762575388	-71.0953979492188
0.035012256354094	-70.9120941162109
0.035636883229017	-70.7286987304687
0.036261513829231	-70.545036315918
0.036886148154736	-70.360954284668
0.03751077875495	-70.1765975952148
0.038135413080454	-69.9921722412109
0.038760051131249	-69.8075561523438
0.039384685456753	-69.6226959228516
0.040009323507547	-69.4376220703125
0.040633961558342	-69.252326965332
0.041258603334427	-69.0667877197266
0.041883245110512	-68.8811416625977
0.042507886886597	-68.6952514648438
0.043132536113262	-68.5088806152344
0.043757181614637	-68.322021484375
0.044381827116013	-68.1349411010742
0.045006480067968	-67.9476776123047
0.045631129294634	-67.7601928710938
0.046255778521299	-67.5724487304688
0.046880435198546	-67.3843383789063
0.047505088150501	-67.1958465576172
0.048129744827747	-67.0070114135742
0.048754401504994	-66.8180847167969
0.04937906190753	-66.6290588378906
0.050003722310066	-66.4396896362305
0.050628382712603	-66.2501525878906
0.051253046840429	-66.0607376098633
0.051877710968256	-65.8723526000977
0.052502375096083	-65.6823348999023
0.0531270429492	-65.4899291992188
0.053751710802317	-65.2982788085938
0.054376382380724	-65.10693359375
0.055001053959131	-64.9153442382813
0.055625725537539	-64.7235412597656
0.056250400841236	-64.5315093994141
0.056875076144934	-64.3393020629883
0.057499755173922	-64.1469421386719
0.058124430477619	-63.954475402832
0.058749109506607	-63.7629699707031
0.059373795986176	-63.5688095092773
0.059998475015164	-63.3724250793457
0.060623157769442	-63.1778221130371
0.0612478479743	-62.983283996582
0.061872534453869	-62.7884521484375
0.062497220933437	-62.5934524536133
0.063121914863587	-62.3981056213379
0.063746601343155	-62.2023811340332
0.064371295273304	-62.0063095092773
0.064995989203453	-61.8100547790527
0.065620683133602	-61.6136856079102
0.066245384514332	-61.4171104431152
0.066870085895062	-61.2203750610352
0.067494779825211	-61.0233039855957
0.06811948120594	-60.8257713317871
0.06874418258667	-60.6279029846191
0.0693688839674	-60.4298553466797
0.06999359279871	-60.2316665649414
0.07061830163002	-60.0330352783203
0.07124300301075	-59.8339462280273
0.071867719292641	-59.6346626281738
0.072492435574532	-59.4352035522461
0.073117136955261	-59.2356185913086
0.073741853237152	-59.0356903076172
0.074366576969624	-58.835205078125
0.074991285800934	-58.6342887878418
0.075616009533405	-58.4330406188965
0.076240733265877	-58.2315902709961
0.076865449547768	-58.0300102233887
0.077490173280239	-57.8281745910645
0.07811488956213	-57.6259422302246
0.078739620745182	-57.4232711791992
0.079364351928234	-57.2202072143555
0.079989075660706	-57.016716003418
0.080613806843758	-56.8128089904785
0.08123853802681	-56.6086654663086
0.081863269209862	-56.4042778015137
0.082488000392914	-56.1996688842774
0.083112739026547	-55.9950256347656
0.083737470209599	-55.7902565002441
0.084362216293812	-55.5851287841797
0.084986954927445	-55.3795700073242
0.085611693561077	-55.1737289428711
0.08623643964529	-54.967658996582
0.086861185729504	-54.7613067626953
0.087485924363136	-54.5546951293945
0.08811067789793	-54.3477973937988
0.088735431432724	-54.1405868530273
0.089360177516937	-53.9329147338867
0.089984931051731	-53.7248764038086
0.090609684586525	-53.5166015625
0.091234438121319	-53.3078918457031
0.091859191656113	-53.0987854003906
0.092483952641487	-52.8893966674805
0.093108706176281	-52.6798057556152
0.093733474612236	-52.4700241088867
0.094358235597611	-52.259880065918
0.094982996582985	-52.0491790771484
0.09560776501894	-51.8380508422852
0.096232526004315	-51.6266822814941
0.09685729444027	-51.4150810241699
0.097482062876225	-51.2033309936524
0.09810683131218	-50.9914131164551
0.098731607198715	-50.7793083190918
0.099356383085251	-50.5669097900391
0.099981151521206	-50.3544006347656
0.100605934858322	-50.1422882080078
0.101230710744858	-49.9286460876465
0.101855486631393	-49.71240234375
0.10248026996851	-49.4964637756348
0.103105060756207	-49.2815780639648
0.103729836642742	-49.0667343139648
0.104354627430439	-48.8518218994141
0.104979418218136	-48.6364593505859
0.105604201555252	-48.4210052490234
0.106228992342949	-48.2062873840332
0.106853790581226	-47.9899559020996
0.107478573918343	-47.770881652832
0.10810337215662	-47.5523300170898
0.108728170394897	-47.3347244262695
0.109352961182594	-47.1167678833008
0.109977766871452	-46.8984680175781
0.11060257256031	-46.6799163818359
0.111227363348007	-46.461051940918
0.111852169036865	-46.2416496276856
0.112476974725723	-46.0218658447266
0.113101780414581	-45.8019485473633
0.11372659355402	-45.581714630127
0.114351399242878	-45.3611755371094
0.114976212382317	-45.1403579711914
0.115601025521755	-44.9191818237305
0.116225838661194	-44.6975440979004
0.116850659251213	-44.4754257202149
0.117475472390652	-44.253059387207
0.118100292980671	-44.0305252075195
0.11872511357069	-43.807804107666
0.119349934160709	-43.5848045349121
0.119974754750729	-43.3613510131836
0.120599582791328	-43.1374206542969
0.121224410831928	-42.9131393432617
0.121849238872528	-42.6884536743164
0.122474066913128	-42.4633331298828
0.123098902404308	-42.2378005981445
0.123723730444908	-42.0119094848633
0.124348565936089	-41.7857398986816
0.12497340887785	-41.5590515136719
0.125598236918449	-41.3315353393555
0.12622307240963	-41.103572845459
0.12684790790081	-40.8756866455078
0.127472758293152	-40.6477508544922
0.128097608685494	-40.4196128845215
0.128722459077835	-40.1912155151367
0.129347309470177	-39.9624862670898
0.129972144961357	-39.7334251403809
0.130596995353699	-39.5040397644043
0.13122184574604	-39.2743606567383
0.131846696138382	-39.0443649291992
0.132471561431885	-38.8138732910156
0.133096411824226	-38.5828704833984
0.133721262216568	-38.3516235351562
0.134346127510071	-38.1200714111328
0.134970977902412	-37.8882598876953
0.135595843195915	-37.656307220459
0.136220723390579	-37.423828125
0.136845588684082	-37.1907119750977
0.137470439076424	-36.9573554992676
0.138095304369926	-36.7238845825195
0.13872018456459	-36.4899978637695
0.139345049858093	-36.2559356689453
0.139969930052757	-36.0214042663574
0.14059479534626	-35.7869491577148
0.141219675540924	-35.5518646240234
0.141844555735588	-35.3186264038086
0.142469435930252	-35.0864295959473
0.143094316124916	-34.8465003967285
0.143719211220741	-34.6045532226562
0.144344076514244	-34.3664245605469
0.144968971610069	-34.128547668457
0.145593851804733	-33.8906936645508
0.146218746900559	-33.6523590087891
0.146843641996384	-33.4133453369141
0.147468537092209	-33.1738624572754
0.148093417286873	-32.9340591430664
0.148718312382698	-32.6939392089844
0.149343207478523	-32.4535446166992
0.14996811747551	-32.2129516601562
0.150593012571335	-31.9716873168945
0.151217922568321	-31.7299938201904
0.151842817664146	-31.4882278442383
0.152467727661133	-31.2460269927978
0.153092637658119	-31.0032920837402
0.153717547655106	-30.7601165771484
0.154342457652092	-30.5165901184082
0.154967352747917	-30.2720146179199
0.155592262744904	-30.02685546875
0.156217187643051	-29.7820663452148
0.156842112541199	-29.5371971130371
0.157467022538185	-29.2919044494629
0.158091947436333	-29.0462207794189
0.158716857433319	-28.8001174926758
0.159341782331467	-28.5534133911133
0.159966707229614	-28.3066520690918
0.160591632127762	-28.0599174499512
0.161216571927071	-27.8126525878906
0.161841496825218	-27.5648880004883
0.162466421723366	-27.316822052002
0.163091346621513	-27.0684509277344
0.163716286420822	-26.8195171356201
0.164341226220131	-26.5701713562012
0.16496616601944	-26.3205146789551
0.165591105818749	-26.0705261230469
0.166216045618057	-25.8203086853027
0.166840985417366	-25.5695533752441
0.167465925216675	-25.3183841705322
0.168090879917145	-25.0669021606445
0.168715834617615	-24.8150596618652
0.169340774416924	-24.5627326965332
0.169965714216232	-24.309741973877
0.170590668916702	-24.0568008422852
0.171215623617172	-23.8035316467285
0.171840593218803	-23.5496673583984
0.172465547919273	-23.2954254150391
0.173090487718582	-23.0412063598633
0.173715457320213	-22.7861175537109
0.174340426921844	-22.5326461791992
0.174965396523476	-22.2788543701172
0.175590351223946	-22.0201568603516
0.176215320825577	-21.7616386413574
0.176840290427208	-21.5046405792236
0.177465260028839	-21.2475776672363
0.17809022963047	-20.9892997741699
0.178715214133263	-20.7320671081543
0.179340183734894	-20.4752140045166
0.179965168237686	-20.2139110565186
0.180590137839317	-19.9517021179199
0.18121512234211	-19.6913452148437
0.181840106844902	-19.4308204650879
0.182465091347694	-19.1698112487793
0.183090075850487	-18.9086494445801
0.183715060353279	-18.6471900939941
0.184340044856072	-18.3852500915527
0.184965044260025	-18.1224098205566
0.185590028762817	-17.8593235015869
0.186215028166771	-17.5962028503418
0.186840027570725	-17.3323707580566
0.187465026974678	-17.0680999755859
0.18809001147747	-16.8034629821777
0.188715010881424	-16.5378475189209
0.189340025186539	-16.271842956543
0.189965024590492	-16.0056686401367
0.190590038895607	-15.7382621765137
0.191215038299561	-15.4701995849609
0.191840052604675	-15.2021560668945
0.19246506690979	-14.9336185455322
0.193090081214905	-14.6650829315186
0.19371509552002	-14.3966903686523
0.194340109825134	-14.1276779174805
0.194965124130249	-13.8582096099854
0.195590138435364	-13.5885219573975
0.19621516764164	-13.3183193206787
0.196840196847916	-13.0476579666138
0.197465226054192	-12.7770462036133
0.198090255260468	-12.5061273574829
0.198715269565582	-12.2342910766602
0.199340298771858	-11.962194442749
0.199965327978134	-11.6898288726807
0.200590372085571	-11.4166812896729
0.201215401291847	-11.1433486938477
0.201840445399284	-10.8698425292969
0.20246547460556	-10.5954856872559
0.203090518712997	-10.3204326629639
0.203715562820435	-10.0454149246216
0.204340606927872	-9.77023792266846
0.20496566593647	-9.49415969848633
0.205590695142746	-9.21749687194824
0.206215739250183	-8.94064903259277
0.206840798258781	-8.66340446472168
0.20746585726738	-8.38554954528809
0.208090916275978	-8.10903072357178
0.208715975284576	-7.83255195617676
0.209341019392014	-7.55165863037109
0.209966078400612	-7.26890897750855
0.210591152310371	-6.98756837844849
0.21121621131897	-6.70720958709717
0.211841285228729	-6.42578840255737
0.212466344237328	-6.14659881591797
0.213091403245926	-5.86592292785645
0.213716477155685	-5.57976150512695
0.214341551065445	-5.29481410980225
0.214966624975204	-5.011643409729
0.215591713786125	-4.72818565368652
0.216216787695885	-4.44372463226318
0.216841861605644	-4.15849876403809
0.217466935515404	-3.87276601791382
0.218092024326324	-3.58725547790527
0.218717113137245	-3.30150413513184
0.219342201948166	-3.01451206207275
0.219967290759087	-2.72693252563477
0.220592379570007	-2.43958759307861
0.221217468380928	-2.15209245681763
0.22184257209301	-1.86362099647522
0.222467660903931	-1.5745222568512
0.223092764616013	-1.28545022010803
0.223717853426933	-0.995616793632507
0.224342957139015	-0.704748451709747
0.224968060851097	-0.413687884807587
0.225593164563179	-0.122226633131504
0.226218283176422	0.169831782579422
0.226843386888504	0.462289094924927
0.227468490600586	0.755574703216553
0.228093609213829	1.04953038692474
0.228718712925911	1.34381556510925
0.229343831539154	1.63818621635437
0.229968965053558	1.93302989006042
0.230594083666801	2.22896146774292
0.231219187378883	2.5255069732666
0.231844320893288	2.82227277755737
0.232469439506531	3.11897134780884
0.233094573020935	3.41659832000732
0.233719706535339	3.71570110321045
0.234344840049744	4.01564645767212
0.234969958662987	4.31674766540527
0.235595092177391	4.6188063621521
0.236220240592957	4.92040824890137
0.236845374107361	5.22160530090332
0.237470522522926	5.52335548400879
0.238095656037331	5.82522630691528
0.238720789551735	6.12708044052124
0.2393459379673	6.42804098129272
0.239971086382866	6.72855281829834
0.240596249699593	7.03273248672485
0.241221398115158	7.33953523635864
0.241846531629562	7.64481449127197
0.242471694946289	7.94938850402832
0.243096858263016	8.25401115417481
0.243722021579742	8.55873680114746
0.244347184896469	8.86651229858398
0.244972348213196	9.17580604553223
0.245597496628761	9.48392105102539
0.246222659945488	9.7924747467041
0.246847838163376	10.101541519165
0.247473016381264	10.4109439849854
0.24809817969799	10.7207727432251
0.248723357915878	11.0310897827148
0.249348521232605	11.3421669006348
0.249973699450493	11.6534671783447
0.250598877668381	11.9649991989136
0.25122407078743	12.2775430679321
0.251849234104156	12.5907974243164
0.252474427223206	12.9047336578369
0.253099620342255	13.2190189361572
0.253724813461304	13.5333776473999
0.254350006580353	13.8485479354858
0.254975199699402	14.1644725799561
0.255600392818451	14.480938911438
0.2562255859375	14.7979278564453
0.256850808858871	15.1155033111572
0.257476001977921	15.4337863922119
0.258101165294647	15.7527465820313
0.258726388216019	16.0721282958984
0.259351581335068	16.3918209075928
0.259976804256439	16.7116584777832
0.260602027177811	17.0322036743164
0.26122722029686	17.3538608551025
0.261852443218231	17.6760711669922
0.262477666139603	17.9989013671875
0.263102889060974	18.3221778869629
0.263728111982346	18.6458854675293
0.264353334903717	18.9702186584473
0.264978557825088	19.295259475708
0.265603750944138	19.6209907531738
0.266229003667831	19.946949005127
0.266854226589203	20.2736511230469
0.267479449510574	20.6005401611328
0.268104702234268	20.9279193878174
0.26872992515564	21.2517757415771
0.269355177879333	21.5792064666748
0.269980430603027	21.9154891967773
0.270605653524399	22.2498817443848
0.271230906248093	22.5816020965576
0.271856158971786	22.9138221740723
0.27248141169548	23.2464790344238
0.273106634616852	23.5791358947754
0.273731887340546	23.9125366210938
0.274357140064239	24.2466621398926
0.274982392787933	24.5813026428223
0.27560767531395	24.9164943695068
0.276232928037643	25.2525405883789
0.276858180761337	25.5895347595215
0.277483463287354	25.9268341064453
0.278108716011047	26.2647552490234
0.278733998537064	26.6039123535156
0.27935928106308	26.9437999725342
0.279984503984451	27.2836380004883
0.280609786510468	27.6240196228027
0.281235069036484	27.9656829833984
0.2818603515625	28.3082580566406
0.282485634088516	28.6514015197754
0.283110916614533	28.9951400756836
0.283736199140549	29.3394947052002
0.284361511468887	29.6843795776367
0.284986793994904	30.0301170349121
0.28561207652092	30.3768005371094
0.286237388849258	30.7243328094482
0.286862671375275	31.0727272033691
0.287487953901291	31.422290802002
0.288113236427307	31.7735958099365
0.288738548755646	32.1261253356934
0.289363861083984	32.4785270690918
0.289989173412323	32.8311996459961
0.290614485740662	33.1846961975098
0.291239798069	33.5379219055176
0.291865110397339	33.8906097412109
0.292490422725677	34.2429885864258
0.293115735054016	34.5949325561523
0.293741047382355	34.9506454467773
0.294366359710693	35.3091430664062
0.294991672039032	35.6656074523926
0.295617014169693	36.0221290588379
0.296242326498032	36.3777618408203
0.296867668628693	36.7362670898437
0.297492980957031	37.0989151000977
0.298118323087692	37.4603576660156
0.298743665218353	37.8212547302246
0.299369007349014	38.1827125549316
0.299994349479675	38.5444793701172
0.300619691610336	38.9067840576172
0.301245033740997	39.2699775695801
0.301870346069336	39.6342658996582
0.302495718002319	40.0005989074707
0.30312106013298	40.3674011230469
0.303746402263641	40.733512878418
0.304371774196625	41.100471496582
0.304997116327286	41.4682998657227
0.305622488260269	41.836555480957
0.306247860193253	42.2056732177734
0.306873232126236	42.5756950378418
0.307498574256897	42.9469451904297
0.30812394618988	43.3190002441406
0.308749288320541	43.6915130615234
0.309374660253525	44.0650787353516
0.310000061988831	44.4396209716797
0.310625433921814	44.8155822753906
0.311250805854797	45.1921348571777
0.311876177787781	45.5683059692383
0.312501579523087	45.9452972412109
0.31312695145607	46.3234214782715
0.313752353191376	46.7026748657227
0.314377754926682	47.0824890136719
0.315003126859665	47.4623641967773
0.315628528594971	47.8437957763672
0.316253900527954	48.2259635925293
0.31687930226326	48.6086692810059
0.317504703998566	48.9937896728516
0.318130105733871	49.3791732788086
0.318755507469177	49.7628860473633
0.319380939006805	50.147087097168
0.320006340742111	50.5358085632324
0.320631742477417	50.9264984130859
0.321257174015045	51.3155250549316
0.321882575750351	51.7042083740234
0.322508007287979	52.0933303833008
0.323133438825607	52.4884376525879
0.323758840560913	52.8856048583984
0.324384242296219	53.278938293457
0.325009673833847	53.6730766296387
0.325635105371475	54.0686264038086
0.326260536909103	54.4643173217773
0.326885998249054	54.8607482910156
0.327511429786682	55.258659362793
0.32813686132431	55.6590194702148
0.328762322664261	56.0604934692383
0.329387754201889	56.4612045288086
0.33001321554184	56.862117767334
0.330638617277145	57.2646560668945
0.331264078617096	57.6690101623535
0.331889539957046	58.0744171142578
0.332515001296997	58.4812850952148
0.333140462636948	58.8890953063965
0.333765923976898	59.2971534729004
0.334391385316849	59.7059860229492
0.335016846656799	60.1156692504883
0.33564230799675	60.5260543823242
0.336267799139023	60.9376449584961
0.336893260478973	61.3509140014648
0.337518751621246	61.7652053833008
0.338144183158875	62.1801147460937
0.338769674301147	62.5959396362305
0.33939516544342	63.0128021240234
0.340020626783371	63.4313087463379
0.340646117925644	63.8517074584961
0.341271609067917	64.2723922729492
0.34189710021019	64.6925811767578
0.342522591352463	65.1139450073242
0.343148112297058	65.5367279052734
0.343773603439331	65.9596710205078
0.344399094581604	66.3850250244141
0.345024585723877	66.8141174316406
0.34565007686615	67.2430419921875
0.346275597810745	67.6706390380859
0.346901118755341	68.0995178222656
0.347526639699936	68.5332183837891
0.348152130842209	68.9699020385742
0.348777651786804	69.4044342041016
0.3494031727314	69.8388366699219
0.350028723478317	70.2760391235352
0.350654244422913	70.7152709960937
0.351279765367508	71.1543426513672
0.351905286312103	71.5936813354492
0.352530807256699	72.0351715087891
0.353156328201294	72.4791870117187
0.353781878948212	72.9265975952148
0.354407429695129	73.3754119873047
0.355032980442047	73.8233337402344
0.355658501386642	74.2714080810547
0.35628405213356	74.7208862304688
0.356909602880478	75.1724090576172
0.357535183429718	75.6236419677734
0.358160734176636	76.0744018554688
0.358786284923553	76.5278472900391
0.359411835670471	76.9837646484375
0.360037386417389	77.4403228759766
0.360662966966629	77.8970947265625
0.361288517713547	78.3545074462891
0.361914098262787	78.8141632080078
0.362539678812027	79.2761840820313
0.363165259361267	79.7382507324219
0.363790839910507	80.2001953125
0.364416420459747	80.6651382446289
0.365042001008987	81.1328735351563
0.365667581558228	81.60009765625
0.36629319190979	82.0674591064453
0.366918742656708	82.5373229980469
0.367544323205948	83.0067825317383
0.36816993355751	83.4775085449219
0.368795543909073	83.9557647705078
0.369421154260635	84.4365463256836
0.370046734809875	84.9157409667969
0.370672345161438	85.3945617675781
0.371297955513	85.8741607666016
0.371923595666885	86.3572311401367
0.372549206018448	86.8428955078125
0.37317481637001	87.3284149169922
0.373800456523895	87.8137359619141
0.374426037073135	88.3016815185547
0.37505167722702	88.7931442260742
0.375677287578583	89.2853851318359
0.376302927732468	89.7789154052734
0.376928567886352	90.2750091552734
0.377554208040237	90.7716369628906
0.378179848194122	91.2686004638672
0.378805488348007	91.7686080932617
0.379431128501892	92.2715377807617
0.380056798458099	92.7745666503906
0.380682438611984	93.2792358398438
0.381308078765869	93.7870178222656
0.381933718919754	94.2960052490234
0.382559388875961	94.8061218261719
0.383185058832169	95.3186798095703
0.383810728788376	95.8334197998047
0.384436398744583	96.3487548828125
0.38506206870079	96.866081237793
0.385687738656998	97.3871307373047
0.386313408613205	97.9090728759766
0.386939108371735	98.4321746826172
0.387564778327942	98.9560546875
0.388190478086472	99.4824752807617
0.388816118240356	100.013809204102
0.389441817998886	100.547454833984
0.390067517757416	101.081192016602
0.390693217515945	101.61572265625
0.391318917274475	102.15608215332
0.391944617033005	102.699691772461
0.392570316791534	103.24235534668
0.393196046352386	103.787170410156
0.393821746110916	104.335052490234
0.394447475671768	104.883682250977
0.395073175430298	105.434516906738
0.395698875188828	105.989051818848
0.39632460474968	106.544830322266
0.396950334310532	107.103225708008
0.397576063871384	107.664794921875
0.398201793432236	108.227249145508
0.398827522993088	108.792449951172
0.399453282356262	109.361106872559
0.400079011917114	109.93270111084
0.400704771280289	110.506294250488
0.401330500841141	111.080680847168
0.401956260204315	111.658477783203
0.40258201956749	112.240112304688
0.403207749128342	112.823593139648
0.403833508491516	113.410034179688
0.404459267854691	113.999237060547
0.405085057020187	114.590530395508
0.405710816383362	115.185104370117
0.406336605548859	115.783050537109
0.406962364912033	116.384582519531
0.40758815407753	116.989364624023
0.408213943243027	117.594589233398
0.408839732408524	118.203353881836
0.40946552157402	118.815620422363
0.410091280937195	119.429817199707
0.410717070102692	120.050765991211
0.411342889070511	120.675247192383
0.411968678236008	121.301116943359
0.412594497203827	121.93017578125
0.413220286369324	122.563583374023
0.413846105337143	123.202545166016
0.414471924304962	123.84407043457
0.415097743272781	124.487594604492
0.415723562240601	125.134376525879
0.416349411010742	125.784027099609
0.416975229978561	126.438171386719
0.417601048946381	127.097640991211
0.4182268679142	127.761291503906
0.418852716684341	128.428588867188
0.419478565454483	129.099746704102
0.420104414224625	129.774658203125
0.420730262994766	130.452056884766
0.421356111764908	131.134384155273
0.421981990337372	131.823043823242
0.422607839107513	132.516540527344
0.423233717679977	133.215728759766
0.423859596252441	133.920272827148
0.424485445022583	134.628112792969
0.425111293792725	135.338607788086
0.425737202167511	136.054931640625
0.426363080739975	136.778610229492
0.426988959312439	137.507843017578
0.427614867687225	138.241607666016
0.428240746259689	138.980529785156
0.428866654634476	139.725845336914
0.429492563009262	140.477172851563
0.430118471384048	141.234130859375
0.430744379758835	141.997146606445
0.431370288133621	142.766845703125
0.431996196508408	143.54345703125
0.432622104883194	144.329879760742
0.433248043060303	145.12451171875
0.433873981237412	145.925445556641
0.43449991941452	146.7353515625
0.435125857591629	147.551940917969
0.435751795768738	148.373596191406
0.436377733945847	149.202423095703
0.437003701925278	150.039581298828
0.437629669904709	150.884948730469
0.438255608081818	151.739456176758
0.438881576061249	152.602966308594
0.439507514238358	153.475646972656
0.440133512020111	154.358154296875
0.440759479999542	155.249923706055
0.441385477781296	156.1513671875
0.442011445760727	157.063781738281
0.442637443542481	157.988494873047
0.443263441324234	158.925811767578
0.443889439105988	159.876312255859
0.444515466690064	160.839889526367
0.445141464471817	161.816940307617
0.445767492055893	162.808715820313
0.446393489837647	163.815048217773
0.447019517421722	164.836013793945
0.447645545005798	165.873382568359
0.448271572589874	166.928497314453
0.448897629976273	168.002227783203
0.449523687362671	169.095062255859
0.450149744749069	170.208709716797
0.450775802135468	171.345855712891
0.451401859521866	172.506225585938
0.452027946710587	173.691650390625
0.452654004096985	174.904861450195
0.453280091285706	176.147277832031
0.453906148672104	177.420715332031
0.454532265663147	178.730102539063
0.455158352851868	180.077575683594
0.455784469842911	181.465850830078
0.456410586833954	182.900207519531
0.457036703824997	184.390167236328
0.457662850618362	185.940765380859
0.458288967609406	187.555892944336
0.458915114402771	189.244812011719
0.459541290998459	191.023193359375
0.460167437791824	192.903167724609
0.46079358458519	194.908508300781
0.4614197909832	197.07307434082
0.462045967578888	199.448120117188
0.462672173976898	202.09814453125
0.463298410177231	205.211242675781
0.463924646377564	208.160125732422
0.464550912380219	209.251007080078
0.465177148580551	208.508239746094
0.465803384780884	207.334259033203
0.466429591178894	206.222091674805
0.467055797576904	205.190887451172
0.467681974172592	204.237823486328
0.46830815076828	203.351287841797
0.468934327363968	202.522094726562
0.469560474157333	201.74169921875
0.470186650753021	201.003631591797
0.470812797546387	200.302124023437
0.471438944339752	199.633148193359
0.472065091133118	198.993530273437
0.472691237926483	198.380554199219
0.473317354917526	197.791534423828
0.473943501710892	197.223754882813
0.474569618701935	196.675628662109
0.475195735692978	196.14599609375
0.475821822881699	195.633453369141
0.476447939872742	195.136840820313
0.477074027061462	194.654541015625
0.477700144052506	194.185104370117
0.478326231241226	193.728057861328
0.478952348232269	193.282958984375
0.47957843542099	192.849151611328
0.480204522609711	192.426071166992
0.480830609798431	192.012969970703
0.481456696987152	191.608978271484
0.48208275437355	191.213806152344
0.482708811759949	190.827209472656
0.483334869146347	190.448608398437
0.483960956335068	190.077514648437
0.484587013721466	189.713592529297
0.485213071107864	189.356781005859
0.485839128494263	189.006927490234
0.486465185880661	188.663787841797
0.487091243267059	188.32666015625
0.487717300653458	187.994903564453
0.488343358039856	187.668716430664
0.488969415426254	187.348266601563
0.48959544301033	187.033218383789
0.490221470594406	186.723358154297
0.490847498178482	186.41845703125
0.491473525762558	186.118118286133
0.492099583148956	185.822250366211
0.492725610733032	185.530853271484
0.493351638317108	185.243896484375
0.493977665901184	184.961120605469
0.49460369348526	184.682159423828
0.495229721069336	184.406936645508
0.495855748653412	184.135559082031
0.496481746435165	183.867919921875
0.497107744216919	183.60400390625
0.497733771800995	183.343383789063
0.498359769582748	183.08576965332
0.498985767364502	182.831237792969
0.499611794948578	182.579895019531
0.500237822532654	182.331726074219
0.500863790512085	182.086761474609
0.501489818096161	181.844757080078
0.502115786075592	181.605407714844
0.502741754055023	181.368789672852
0.503367781639099	181.134963989258
0.50399374961853	180.903762817383
0.504619777202606	180.675048828125
0.505245745182037	180.448760986328
0.505871772766113	180.224975585938
0.506497740745544	180.003784179688
0.50712376832962	179.785140991211
0.507749676704407	179.568664550781
0.508375644683838	179.354110717773
0.509001672267914	179.141662597656
0.509627640247345	178.931488037109
0.510253608226776	178.723526000977
0.510879576206207	178.517684936523
0.511505603790283	178.313858032227
0.51213151216507	178.111846923828
0.512757539749146	177.911682128906
0.513383448123932	177.713439941406
0.514009475708008	177.517120361328
0.514635384082794	177.322631835938
0.515261352062225	177.129791259766
0.515887320041657	176.938552856445
0.516513288021088	176.749084472656
0.517139256000519	176.561416625977
0.517765164375305	176.375518798828
0.518391191959381	176.191177368164
0.519017100334168	176.008209228516
0.519643068313599	175.826721191406
0.52026903629303	175.646774291992
0.520895004272461	175.468399047852
0.521520912647247	175.291625976563
0.522146880626678	175.116333007813
0.522772789001465	174.942321777344
0.523398697376251	174.76969909668
0.524024724960327	174.598510742188
0.524650633335114	174.4287109375
0.525276601314545	174.260223388672
0.525902509689331	174.092987060547
0.526528477668762	173.927093505859
0.527154386043549	173.762557983398
0.52778035402298	173.599334716797
0.528406262397766	173.437133789063
0.529032230377197	173.275726318359
0.529658138751984	173.115234375
0.53028404712677	172.955764770508
0.530909955501556	172.797241210937
0.531535863876343	172.639526367188
0.532161831855774	172.482452392578
0.53278774023056	172.325469970703
0.533413708209991	172.16845703125
0.534039616584778	172.011688232422
0.534665524959564	171.854888916016
0.535291433334351	171.697723388672
0.535917401313782	171.540832519531
0.536543250083923	171.385009765625
0.53716915845871	171.231048583984
0.537795126438141	171.080108642578
0.538420975208283	170.930725097656
0.539046943187714	170.769943237305
